11101001101100101110001000111011001001111110110111011111111111110000001111111100000011011111110101101111101000100000011111111111101111111
11101111111101111011110101010111001001111000111111110111011111101001111101101010111101110000001111101001110001111111111010111111110111100
00111101010111011111001111011110011101011100011111001111011111001111100011001011110110110110110100101111100001110001101011111010000011011
01110011010110111111001110110011110001110111011011111101111001111101111111001100001101000011111011011100111101000000011110001111010010011
11100100111101011111100111100101011101001111101000100100100010000110011100011111010100000000100110101100011111011110010111100010011011001
10110101001111010111000111001010110010111000000100100010110111011101111001101011110100100101100111101111111111110011110011010110011001001
01000110000001001111100011111011101111101100111111101111111110101001111000110100011111011111000101010110110101101111011111111101010100010
01110001110100001111111011101111011000110111111000111110010100010110011001111110111111111100101100100101100110111111110001000010111111111
01001111111101110111111101111101010111100100111001110111101101111100111000001110101111011010111101100010111011111111100101001111111011111
01011010111111111110011111100001110101011101111111101111111001100111001110001011110011110011111111111101101111111111001010101101101000010
11011111001010111111001110110101100111101100111111110111111101111111011110001111011111110110011010111110111111101111111101010101111111101
00110100110100101010110001110001000000000110101110101101011011111111010101101101111111101100111110110111111010101110101010111011011000111
01101110010011100001110111111110011110011011111001101001111111011111011110111111111110100111001101011000011001101100010011111110010111111
01101111110111101010100111101001100101111101011111111101110010101010111111111111000110111111100101011100100010001111011011101010111000100
11010011001100101110111101111111001011011101010111111011101011111101101110111111111111111010111111001111001101101111101011111011110111110
11111010111011001101011111011100111111001000100001011001111011110100110110111101001101111001111010110011110101010111011111101111010001111
11011100100101011111111111000011111110101110000110111111111100110110101010011010101000110101111011111111111000101001010011101110100111100
01001110011011010011111100111101111111111110101011111101101111011101001111101111101010111111010110101011110100111011011101101111001000111
11000011010110000101101111111111111001010011110110101101011001001111111111111111110010111111010011111010000011100100011110011110110110111
01000111011010110111101111000011111011111111011011001111011011111010101101011110101101111001111110111101101100111100001111110110111111101
01101111111011101101001110111111101111001111110001110010011111110111100011111001111110011011011011111111101111101100011111110110010101110
11111011011101111111111110101011110110100011111100011001111011111110101101110100010101101101100111100011011110111111101110010100011111000
00111111010000010100110111011110111100100101100001111101001100110010110111001000110011011111000001111111111110011111110011101101100000110
11111011011011011111101100000101001001111110111011111100110011101111101110001001110001111010011111000110010111001011001111010101110001011
11111111111001111011100110101111111011001001110000111110010100111111000110011111111111010010011100001011100111100110000101011100101000001
10110100001001111111111101000000001011111111001001011010110111001001001000111111110100111000111111110000011100111011101101100101101111110
01110011110011010111001011011111111110110001111111110001100110110011111011110010100101110110111011110111111011011101100101110101111101110
11101101101001001000010111111100110111001111100111110001000111101110100111001001111101101111110111110111100100111011110110001001010011101
10010101110111101011101011110011110110001110000110011011111111010111110011111111000101011101101000111110110000110111111000010101111010110
11111100110010101000111001000010011001111111100101000111111101011011101000110111110011111100111110111011111101100011111010101111001011001
10001111111111110111111100100101111100111001100010011010101110000000111110000100011111111111010101011111101110110000111010000111111110110
11011101101011110101011101011110010111111111010111101110010001110101010111111011111011100111101011111101111101100111111111101001111111111
11010011111011110111111111111000111110100100101111111100101111100101111010011001111111111001110101111110111101111111111111011110011111111
01011110010101000111101001111111110001110010111001111111110001111110111011011111001100110000111111110111101100111111010111110111110111110
01111111110010011110101011110111000110000010101111111111111111010100110101110011001111111011011101111100110111111111111001111010101011111
11000001011111101101111111111110111111011111111000110011011011111110111010111000111111110111111011110111111110110010010011100001011110110
10000100101001011111101010111100101110001110100101111000111111101010101111111111100101100110111111110001110110010000011111111110011011011
00111000101101110111000100111110100110101110111011001111111111111011111001010111111001111001110001011110000100011001110011111001001011000
01111111101011011011111011010000000011001110101100110011110111110110111111101110111001100001100011101010111111110111000111111111101001100
10110101111010101111100101010001110101010111111101011011101111101111110101100111001011011001011111111110100001110111111111111111000111100
11011100101100011011110111110101101111111110001111101111110010110011101011100110000010110101010010011101011011111110101100001101111000111
10110111110011110100100110101010001100000000011010111101100110110111010101101101100101101011111111111001011101101111111010110001001110001
10111000110110111101100111011011000000110111001101100111110101011000010011100110110111111101111111100011111111111111100010001001101011111
11110110111111111010110000100011010010100000111011000011001100101011110000101111110110011011101110111111111110010110010101111110111111011
00011001001110010111111101011101011101011101101111100110100011100101111111010111011111011111111011010111110100101111111111011000101000110
01111111111001111011010111011011001110111110101110011111110111110011111011011100111110111010010010001010101101101111111011111011011110011
10010101100101111101011010011101111001001111100110011110010110110111111111111110000001000101111010010101100011111110101101101110000101111
11111111110111001101110110100110110111111000100101000010110111111011011101101111100000011011001110100000111111110110011010101100110100001
11011100111011111111110001101010110110101000011101100100001011010011101110100101001001111111110101010100011110101110100011111100110001111
11110110111011111111111000110110010111000110101011111101111001111001100101011111010111101110111010111001101100101111111011100111101011111
10001101111110101111111111111111110011001100011010111101101111111010101101101001011110011100011010110011100001101001000101110111111100011
11001001010111101110010111111110111011101110110011011110100101001000110111100011111001110010001011011101011101010000100101111111101101111
11111100111000011010100011111010011111100100011011111101011011110101011111101011111111010001111110100000110001100011111110111111110101100
11111111000111100100100111001101111110111001111011010010010110000010110011100001111110111111111111001011111111000010111011111111111001010
11111010010110111100100000101110101011101111100110111111001101011100011010110010101100101011111011001001110001110111111111000111011001111
00110001111111111010101001101111111100001110100111101111101011101101101111111110011011111101111111001110001101111111101011111101111000000
11000100011101001110111111111111100101101111111111011011011011110101100111101101101000101000000110100101111110111111000010100001001111001
10111111111010111111111111001011110110110101110001110111011110011111111001101100101101110101111011101111110110110111000111111011110111010
11101111100111111010111101100011111011110101010110100110011111100011110100111001101110111111110111111011010111111111110101100111101010100
00011100100110011111110011011100011011111101111100111011111111101111110101011111001111110110111101011111111001111110101011010001111100010
01110000101010111101111111011110101111110111101111001100100110100011111011111111011111101111101111111001011111001011110111100111110101010
00100101001111101001010111110111100101111100010110111101111010110010010000110101100101111010110100001011011001001100111111101101011110000
10010100011011110110011011001101111111011111110100010011110011110100010011110101111010100010100000101101111011011111111110100111010111100
11110111100101000111101011010100101111101101110110110000101111000111001110011111111111101110011110111111110101110100110101110111100110111
00010101011111111011111101101101010001000111110010111000111011111011111111111010011100110111111110001110110011110111101100111110111111001
11001111010010101110000110111100100010001011001100001101111011100100011101110110100111001001111110011011111111111011011111000111101101110
11110010101100111101111011111101001110110000010110110101111101111001011001000101111110010110010011111011110100011001001101111010111110100
10100111001101111101110001111110111101011111111111011110111111011111000011001111111000101001110101001110011000010011111011111101111011110
11100001110111010110001110011010110111011111111101100110011110011101011001001101011100111111101101011111011110111011101011011101110111001
10110111111101100111111001111111101111011100110111111111110110001111010011101111111111110111111110101111110110111111110100001011110110100
10110011111110111111010011010010111010111001111111111111001111011011110111101001011010110111001011111011011011011101101111100110010101110
01010010111111111111110011110011101111101110111111010011101011111101011010100101111110010010111111111011011000010110111011101101111011111
00011101110101011011111110100101111010100111101100110111111110111011111000101101001011111111010110101011101111110100010010110100111110111
10001010010001110110001010101110101111011011110011011110010000100110001011111111010111110001110001111101011001100111010111111110111101110
01110011011110101001111010100110101101101111110100110011011110011111111001110011110011111111110101110011110001111101110111111110000110110
11101100111010101011001110010111011000110110111101111110000011111101101000111011101011110110100110110111001001101110010111101011110010111
11101111111011111010111111011000011101011110011011110110001011011101010001110110110101101000011011100111100111110110111111111110011111111
10010111101110100100111011111110101000100101110010111011111011111110111011000011101100101110101101010111010101100111101101101111111001010
10111011011110010111000011101111000001110110001000010101100011100010111001111010111111110111101010011011101001101101101111000101111000111
01111111111111011110111100100100111010110111001110011011011111101000010111111111101100010011001101011101111101100111001101110101110001001
11111101000111000101001111010010000111010100011011100101100010111100110111011101111111111111001011011100111110011011011111111001011110111
11110110001111100101111001101011111100111010101111001111100011101110010101101011011000101000100111111111001110000110101111010101100111110
01110111011011101100111010100101010111111101011001010010001011101011110011100111011111110001100010110011111111101111111111101111101010111
10111101001111011111011111101111010110101011111110001001111111111010111001000001111000100001111110111111101011010100001111000111100101110
11111010111001101011001110111110100010011101111011001101001000101110101110110101001010010111001010111101001110111101010011101110111110111
10011110101011111111000111111001110011011001111100111110001010111100111110010101111010111011100100111011100101011111111110110100011111111
10110110100101110110101101010011110110111101111111011100101111100101111110001110000010101111111011010101110001111111001111011101111011110
11110100101110000011101011011111011101111000110101011110010100011111111100110111101101111011001110010111100011110100111111011010011101010
11101111101101101111111101100101100011011001011111101001011100111011011010000110000001101110011100110111000111111101000011110111100101100
11111101000011011011100011010111010111110111010011111101001110111010011011111100101110111010111001011000111011011111111011110100111010011
11010101111111011011100110000010110111011101111111111010101110110101001111111101001001111111110111111001010010011000111101011100111101011
01111101011111111111110110011111100110111111110110001111110101011100110001101011111111101100011111011111001111110111000111011111111110000
11111101010101101101110010011011001111011010101101111111100111010101011110100000010101111111001111110100110101011001001110111111011110111
00001111111111111110110011011111001000101100011001111111111111010101110101101011101111111011110111110111111100111110001000110111111001110
11101110101111101111101110011001111100111101100011010010011110000101011011110100001110110011001111011111001110001110111111111111010011101
00101011110011110011110111010011011111101101010100111110111100101001011111010000011100010111100100100101101011100000110110110001100011110
10111001100001001101101011010101110111110000100011101110101101011111101110110111111001111010010111010111000101010011110111111010110001111
11010000111110011100101101110011111111111111100001101111011110101011010101111111101101111111001011111110100011111110000111001000010111011
10101111111110111111010001110111001111010110111010110111110111011110110011010110110111010111100111011101001111101100110011000111111111101
01111111110100110111100100111110110001011010111111111011110000110111110001000101111101111110100110010111110111101111011011101101000110110
00111111101111111111111100111011111100111011011111111111010110011111011101011110010001101111011110111110010111101101010101110110111001110
11110111101101111111010111111010101011001100001011111010010110001011111110101110101101100011101001111110001100111000001010111111000111111
10010011011100110110101110001101110110111010001111010110111010011110111001100111101010010011010111010001110111111101110101001001011111010
11110011011110111100010111111101011011100110111111111110111001011101111001111011110100101110010011011111101001111111000101101000101011001
11011001001111111111111100111111101111100011100110110010111111110011010110111110001111001111111111110111001001111011111101111111010001111
11111011011000101011111110111000011111110011001001111100111011111111101101011101100011101110110111010011111101111111111100010111111011110
01111110111100100110011101111000111101001101111010100000100101100011110101001111111001111111111111010011110101001110111111001011001011010
11101111100011101111101111110001101101101111111101111110111100101101111110101101110111101111111101111111101101110101111111010000000101001
11111101001000100100111001111011001101110011011110111110001011101111001000111000101110111111000001111001011101111111011101010101100001001
11100111010011110000101110111101111111011101110110111011110111101111011001111111000111011111110110101111111111111111111010111101110101110
10011111111111110101011110010111111011110010011110110011011111101111010111110111111011011000111100111111111011101111111111010111111110111
11000010010010001111010001110110111000100101100111011111100010111011111011110001111011110101101111111010100111111111100101111010011111101
01011111111001101110101000001111011111100100011110101100001011111010111010010111111111011111111111101011010001111010100101111010011011110
11111010111111000111111111110001000101000100110101110101001111111101011111011111111101000011111101111111011110111111111000100110001101111
10010101011100111001111110111111111010101011100000010011110111011011010000101110001011101110100100011111111111110101110111111111011111111
00110111111111001100010011110110111111011010100111111110001111101101111101011101111010101001111110111111010111100001100100110011001110111
11101111111011111011010110111100110111111000111111001011101101111111111111000011110011101111111110101111101111111101111010011010101011110
10111111111011011011111001011101001000011110101111011010111001100110111111111111001011110100001101111110111111010111110101101111011001010
10000010111010100010101111111111110010111111111111011100111001110111110111111111111100111101001111001100111111111100111110011110111110110
01111001011111000110111011111111110001001101010011111110001111111010100001010111011011110110101111110100011110111101011101101101111101111
01110111111111011110011101001101110111110011100100101011100001110010101101101001101111011111101000101111101010011100101000101100001111111
11010111110101001001111011011001110110110111010111000100101100111000010011101111111111111100010110011101100011011100111111100000010111111
10111001101011101010010100011011001111100110000111111010101110111111111111110110111111010111000111101100100010110111110111011111110110011
01011011101011111100101011011101111100011111111011100001000110111101000111010111101111011111100000100010111110010010101000100110010111110
11110110111111111001000111111110011101111111001110111111111001111101111001111111101111111111111111111111011001111111111110111110111110101
11011111011110010110010111101001111011111011101000110111110011100000101111010111111011001001111011101100101101100010111101111100011011101
11111101010111011011001101101110010101001101111111010110011111111101011001111111101010111111111011000111011110000110110110011101010111010
11111000110010110101011000110011111111101110111011000111101110111101100111100010111101011000000111111100111011100100111110111011011000011
10011011111111000010101111110000111101011101011111110111111100110111010011111101010011101101011111110000110101101010111011100011111011100
01111001111010110111100001110010101010111111110101011101101100110111101001101100111010101001100010111110100111110100010111111111101011001
01000101110001110111010111111010111110001111111111100110111111000110101110101110111001111011010111101110111111111111011111111111011111011
10111011111101101001011011011001011000111111110111001010101110110111010110111110000111011011011001110011111101111111111110110111111111010
11011111101011000110111100101011011101000111100110110110101111001011110111001101010111111111000000110111111000101001011111001001011011001
11111100110111100111011111001110111111101111001111011101011111100111000011100011111010111101010111100011001100111111001101101101101110100
11100010111110110010101111111101101010110011001111111111011110011011111111101011000011110111110111001111111100111111111011001011110010001
11111111011111111111111000010011010111011111111110110111111110100001001101110100011110111111011110011110110010110111101011100111111111101
00011001011111101110010110110011001011101010111111011111101110111101111001011101000110100001110111111011001101110101101010111101011011001